4
linear   essential      -0.250000   0.750000
linear   non-essential   0.000000   1.000000
linear   essential       0.000000   1.000000
linear   essential       0.000000   1.000000

W 1
significant   elliptical     1
	  0.496094  0.296094  0.222656  0.179688
	  0.000400  0.000400  0.000400  0.000400

\ 1
significant   elliptical     1
	  0.433594  0.201172  0.152344  0.226563
	  0.000400  0.000400  0.000400  0.000400

D 1
significant   elliptical     1
	  0.292969  0.314063  0.167969  0.171875
	  0.000400  0.000400  0.000400  0.000400

r 1
significant   elliptical     4
	  0.353516  0.166015  0.187500  0.099610
	  0.000400  0.000400  0.000400  0.000400

a 3
significant   elliptical     2
	  0.251954  0.220508  0.167969  0.105469
	  0.000400  0.001929  0.000400  0.000400
significant   elliptical     1
	  0.289063  0.161719  0.089844  0.074219
	  0.000400  0.000400  0.000400  0.000400
significant   elliptical     3
	  0.156250  0.168099  0.101563  0.079427
	  0.000400  0.000810  0.000400  0.000400

n 1
significant   elliptical     3
	  0.243490  0.207292  0.144531  0.130208
	  0.000400  0.000400  0.000400  0.000400

g 2
significant   elliptical     1
	  0.105469  0.098047  0.132813  0.046875
	  0.000400  0.000400  0.000400  0.000400
significant   elliptical     1
	  0.011719  0.314844  0.335938  0.097656
	  0.000400  0.000400  0.000400  0.000400

e 2
significant   elliptical     1
	  0.117188  0.177734  0.109375  0.082031
	  0.000400  0.000400  0.000400  0.000400
significant   elliptical     1
	  0.269531  0.260156  0.203125  0.128906
	  0.000400  0.000400  0.000400  0.000400

O 1
significant   elliptical     1
	  0.695313  0.430469  0.277344  0.187500
	  0.000400  0.000400  0.000400  0.000400

: 5
significant   elliptical     1
	  1.015630  0.123047  0.328125  0.066406
	  0.000400  0.000400  0.000400  0.000400
significant   elliptical     1
	  0.734375  0.138672  0.375000  0.074219
	  0.000400  0.000400  0.000400  0.000400
significant   elliptical     1
	  0.257813  0.224609  0.152344  0.152344
	  0.000400  0.000400  0.000400  0.000400
significant   elliptical     1
	  0.179688  0.191406  0.152344  0.132813
	  0.000400  0.000400  0.000400  0.000400
significant   elliptical     1
	  0.167969  0.021484  0.015625  0.019531
	  0.000400  0.000400  0.000400  0.000400

‘ 3
significant   elliptical     1
	  1.007810  0.106641  0.101563  0.117188
	  0.000400  0.000400  0.000400  0.000400
significant   elliptical     1
	  0.769531  0.174219  0.246094  0.062500
	  0.000400  0.000400  0.000400  0.000400
significant   elliptical     1
	 -0.429688  0.049609  0.050781  0.042969
	  0.000400  0.000400  0.000400  0.000400

0 1
significant   elliptical     1
	  0.886719  0.348047  0.199219  0.167969
	  0.000400  0.000400  0.000400  0.000400

£ 1
significant   elliptical     1
	  0.273438  0.114453  0.210938  0.046875
	  0.000400  0.000400  0.000400  0.000400

p 2
significant   elliptical     1
	  0.066406  0.203125  0.164063  0.082031
	  0.000400  0.000400  0.000400  0.000400
significant   elliptical     1
	  0.199219  0.337500  0.253906  0.160156
	  0.000400  0.000400  0.000400  0.000400

J 1
significant   elliptical     1
	  0.351563  0.120703  0.246094  0.066406
	  0.000400  0.000400  0.000400  0.000400

+ 1
significant   elliptical     1
	  0.480469  0.283984  0.250000  0.125000
	  0.000400  0.000400  0.000400  0.000400

i 2
significant   elliptical     1
	 -0.292969  0.168359  0.246094  0.050781
	  0.000400  0.000400  0.000400  0.000400
significant   elliptical     1
	  0.582031  0.160156  0.265625  0.050781
	  0.000400  0.000400  0.000400  0.000400

* 1
significant   elliptical     1
	  0.707031  0.254687  0.183594  0.148438
	  0.000400  0.000400  0.000400  0.000400

' 1
significant   elliptical     1
	  0.746094  0.106641  0.136719  0.046875
	  0.000400  0.000400  0.000400  0.000400

{ 1
significant   elliptical     1
	 -0.089844  0.298438  0.312500  0.109375
	  0.000400  0.000400  0.000400  0.000400

( 2
significant   elliptical     1
	  0.300781  0.167969  0.203125  0.066406
	  0.000400  0.000400  0.000400  0.000400
significant   elliptical     1
	 -0.082031  0.485156  0.390625  0.179688
	  0.000400  0.000400  0.000400  0.000400

, 2
significant   elliptical     1
	  0.101563  0.074609  0.093750  0.046875
	  0.000400  0.000400  0.000400  0.000400
significant   elliptical     1
	  0.066406  0.192578  0.164063  0.105469
	  0.000400  0.000400  0.000400  0.000400

; 1
significant   elliptical     1
	  0.136719  0.133594  0.222656  0.039063
	  0.000400  0.000400  0.000400  0.000400

6 1
significant   elliptical     1
	  0.335938  0.315625  0.246094  0.125000
	  0.000400  0.000400  0.000400  0.000400

H 2
significant   elliptical     1
	  0.269531  0.192188  0.148438  0.097656
	  0.000400  0.000400  0.000400  0.000400
significant   elliptical     1
	  0.425781  0.274219  0.210938  0.140625
	  0.000400  0.000400  0.000400  0.000400

) 2
significant   elliptical     1
	  0.429688  0.324609  0.277344  0.144531
	  0.000400  0.000400  0.000400  0.000400
significant   elliptical     1
	  0.410156  0.291016  0.378906  0.105469
	  0.000400  0.000400  0.000400  0.000400

. 1
significant   elliptical     1
	  0.101563  0.035156  0.027344  0.035156
	  0.000400  0.000400  0.000400  0.000400

/ 1
significant   elliptical     1
	  0.175781  0.110937  0.136719  0.082031
	  0.000400  0.000400  0.000400  0.000400

T 1
significant   elliptical     1
	  0.003906  0.257422  0.246094  0.121094
	  0.000400  0.000400  0.000400  0.000400

¥ 1
significant   elliptical     1
	 -0.074219  0.223828  0.218750  0.109375
	  0.000400  0.000400  0.000400  0.000400

“ 1
significant   elliptical     1
	 -0.089844  0.175391  0.121094  0.125000
	  0.000400  0.000400  0.000400  0.000400

f 2
significant   elliptical     1
	  0.343750  0.190625  0.187500  0.078125
	  0.000400  0.000400  0.000400  0.000400
significant   elliptical     1
	  0.253906  0.267578  0.222656  0.101563
	  0.000400  0.000400  0.000400  0.000400

§ 1
significant   elliptical     1
	  0.097656  0.153906  0.152344  0.082031
	  0.000400  0.000400  0.000400  0.000400

M 2
significant   elliptical     1
	  0.296875  0.296484  0.144531  0.203125
	  0.000400  0.000400  0.000400  0.000400
significant   elliptical     1
	  0.222656  0.263672  0.132813  0.171875
	  0.000400  0.000400  0.000400  0.000400

1 1
significant   elliptical     1
	 -0.003906  0.269531  0.320313  0.082031
	  0.000400  0.000400  0.000400  0.000400

A 1
significant   elliptical     1
	  0.226563  0.211328  0.164063  0.113281
	  0.000400  0.000400  0.000400  0.000400

b 2
significant   elliptical     2
	  0.271484  0.221680  0.169922  0.089844
	  0.000400  0.000400  0.000400  0.000400
significant   elliptical     1
	  0.386719  0.293359  0.210938  0.136719
	  0.000400  0.000400  0.000400  0.000400

d 1
significant   elliptical     1
	  0.140625  0.236719  0.210938  0.066406
	  0.000400  0.000400  0.000400  0.000400

s 1
significant   elliptical     1
	  0.171875  0.154687  0.128906  0.082031
	  0.000400  0.000400  0.000400  0.000400

w 1
significant   elliptical     1
	  0.179688  0.180078  0.097656  0.113281
	  0.000400  0.000400  0.000400  0.000400

z 2
significant   elliptical     1
	  0.335938  0.292188  0.160156  0.128906
	  0.000400  0.000400  0.000400  0.000400
significant   elliptical     1
	  0.234375  0.219922  0.136719  0.101563
	  0.000400  0.000400  0.000400  0.000400

= 2
significant   elliptical     2
	  0.179688  0.121093  0.074219  0.085938
	  0.001099  0.000400  0.000400  0.000400
significant   elliptical     1
	  0.332031  0.129297  0.140625  0.085938
	  0.000400  0.000400  0.000400  0.000400
